81 94
33 54
87 89
73 44
20 93
42 75
5 83
19 82
94 85
12 52
98 21
15 23
85 98
39 17
1 51
62 37
64 89
99 1
53 98
40 43
20 40
31 40
76 72
46 59
50 20
16 6
66 89
21 66
25 27
72 86
32 28
70 68
27 63
63 84
31 79
30 59
48 95
14 72
45 87
82 51
37 83
29 100
67 93
78 38
55 100
7 60
54 74
36 13
49 32
71 99
63 95
28 18
46 54
21 34
14 28
86 99
24 60
35 60
66 75
92 39
66 84
79 14
13 23
13 87
65 97
71 92
60 55
45 73
48 99
58 12
11 59
74 8
28 75
20 92
43 11
51 79
38 61
78 97
9 80
35 71
49 70
4 47
45 48
10 26
27 42
25 79
33 92
64 70
84 24
6 86
97 30
41 62
5 75
59 77
61 74
42 70
52 80
8 77
60 93
44 76
1 16
17 34
46 15
53 63
88 94
31 5
10 37
5 50
66 36
22 66
31 78
14 7
23 74
75 57
61 3
29 35
67 74
77 84
18 96
54 46
10 76
2 72
20 53
48 69
16 80
48 78
57 90
26 38
44 53
81 47
43 72
34 91
52 84
25 67
33 80
53 58
31 55
1 84
51 33
5 45
13 98
12 78
69 75
4 74
4 19
42 67
1 59
64 42
2 58
45 47
66 79
77 63
3 4
23 71
1 34
89 25
80 22
24 54
47 19
56 31
37 82
11 63
7 56
85 76
29 53
2 78
9 29
66 90
15 17
26 81
51 55
18 22
1 45
93 64
72 96
11 65
25 64
8 78
29 73
63 75
18 70
52 56
35 49
22 79
70 80
83 10
90 58
47 87
8 16
27 84
100 35
22 33
77 88
28 83
91 41
95 2
60 99
6 9
68 27
38 78
