23 3 5
44 97 10
29 37 10
12 48 2
36 39 3
45 11 9
4 56 8
2 73 1
24 80 10
3 51 6
90 49 3
70 14 2
40 79 1
29 60 8
39 66 4
5 45 2
17 21 4
88 89 2
40 87 2
49 6 2
29 91 4
7 26 9
43 62 2
4 33 6
15 61 10
97 36 7
13 40 5
7 56 7
39 72 7
21 22 10
19 93 4
25 53 3
18 27 2
98 100 5
86 30 7
22 68 10
54 81 8
38 28 9
19 54 6
36 96 4
31 61 2
22 23 5
56 40 1
10 55 9
91 4 7
24 91 10
85 59 3
22 82 2
26 27 1
79 80 2
39 55 7
36 71 7
4 70 7
10 42 2
82 5 8
12 55 4
51 90 4
50 15 7
33 44 8
6 20 2
67 93 10
27 70 4
27 61 1
36 97 10
5 52 4
42 67 10
58 93 6
70 99 5
13 31 8
5 9 9
18 96 4
71 94 5
26 75 7
68 80 8
23 39 8
16 92 3
11 2 1
31 57 2
2 41 1
1 38 5
20 12 8
100 82 1
18 72 6
5 11 8
19 86 10
53 84 4
22 87 5
76 81 9
54 85 2
59 78 7
40 95 1
13 51 9
74 29 7
36 79 8
10 90 3
25 26 2
16 37 10
43 92 10
96 55 10
43 84 6
95 88 2
48 33 8
32 56 10
54 69 8
94 1 2
57 34 4
58 75 4
7 69 1
47 50 9
83 73 10
87 68 7
21 62 4
11 95 7
34 92 7
6 89 10
66 86 8
65 81 6
25 79 7
78 35 9
10 97 1
1 34 5
67 53 1
62 71 5
17 39 8
41 43 9
81 97 1
49 82 9
8 64 3
79 19 8
33 95 3
16 44 2
11 30 8
2 88 3
10 57 4
65 83 5
49 93 5
50 81 8
3 74 8
14 74 6
93 32 5
11 79 6
77 43 2
44 16 3
31 34 2
49 80 4
26 75 8
84 99 10
73 9 5
6 87 7
63 98 8
69 76 10
26 49 10
30 8 8
84 76 2
19 57 3
5 35 4
38 42 6
52 13 4
18 91 2
37 52 5
64 10 2
34 58 2
35 58 7
35 65 6
46 18 3
75 17 4
92 24 2
3 54 7
72 39 5
4 94 6
7 93 4
8 52 8
61 99 7
60 96 2
28 63 4
14 97 3
5 43 10
13 44 5
41 48 5
55 72 9
9 25 8
49 64 3
31 65 9
27 77 5
84 97 8
26 28 10
64 79 9
56 82 1
89 20 9
39 72 3
28 88 8
80 85 6
99 46 9
32 60 2
60 90 9
37 95 8
62 7 4
31 47 6
41 81 1
69 51 3
